281118178 325487713 391404999 556685113 705869872 812803568 880874105 1213525360 1494829973 1518428374 1738696821 1800807763 1835876525 1899140800
325487713 391404999 556685113 705869872 812803568 880874105 1213525360 1494829973 1518428374 1738696821 1800807763 1835876525 1899140800
391404999 556685113 705869872 812803568 880874105 1213525360 1494829973 1518428374 1738696821 1800807763 1835876525 1899140800
556685113 705869872 812803568 880874105 1213525360 1494829973 1518428374 1738696821 1800807763 1835876525 1899140800
705869872 812803568 880874105 1213525360 1494829973 1518428374 1738696821 1800807763 1835876525 1899140800
812803568 880874105 1213525360 1494829973 1518428374 1738696821 1800807763 1835876525 1899140800
880874105 1213525360 1494829973 1518428374 1738696821 1800807763 1835876525 1899140800
1213525360 1494829973 1518428374 1738696821 1800807763 1835876525 1899140800
1494829973 1518428374 1738696821 1800807763 1835876525 1899140800
1518428374 1738696821 1800807763 1835876525 1899140800
1738696821 1800807763 1835876525 1899140800
1800807763 1835876525 1899140800
1835876525 1899140800
